0   0   0   0
-1.52421e-20   -2.39519e-20   1.96724e-20   1.09291e-20
-4.57264e-20   -7.18558e-20   5.90172e-20   3.27873e-20
-9.14529e-20   -1.43712e-19   1.18034e-19   6.55747e-20
-1.52421e-19   -2.39519e-19   1.96724e-19   1.09291e-19
-2.28632e-19   -3.59279e-19   2.95086e-19   1.63937e-19
-3.20085e-19   -5.02991e-19   4.13121e-19   2.29511e-19
-4.2678e-19   -6.70655e-19   5.50827e-19   3.06015e-19
-5.48717e-19   -8.6227e-19   7.08207e-19   3.93448e-19
-6.85897e-19   -1.07784e-18   8.85258e-19   4.9181e-19
-8.38318e-19   -1.31736e-18   1.08198e-18   6.01101e-19
-1.00598e-18   -1.58083e-18   1.29838e-18   7.21322e-19
-1.18889e-18   -1.86825e-18   1.53445e-18   8.52471e-19
-1.38704e-18   -2.17963e-18   1.79019e-18   9.94549e-19
-1.60043e-18   -2.51495e-18   2.0656e-18   1.14756e-18
-1.82906e-18   -2.87423e-18   2.36069e-18   1.31149e-18
-2.07293e-18   -3.25747e-18   2.67545e-18   1.48636e-18
-2.33205e-18   -3.66465e-18   3.00988e-18   1.67215e-18
-2.60641e-18   -4.09578e-18   3.36398e-18   1.86888e-18
-2.89601e-18   -4.55087e-18   3.73776e-18   2.07653e-18
-3.20085e-18   -5.02991e-18   4.13121e-18   2.29511e-18
-3.52094e-18   -5.5329e-18   4.54433e-18   2.52463e-18
-3.85626e-18   -6.05984e-18   4.97712e-18   2.76507e-18
-4.20683e-18   -6.61074e-18   5.42958e-18   3.01644e-18
-4.57264e-18   -7.18558e-18   5.90172e-18   3.27873e-18
-4.9537e-18   -7.78438e-18   6.39353e-18   3.55196e-18
-5.34999e-18   -8.40713e-18   6.90501e-18   3.83612e-18
-5.76153e-18   -9.05384e-18   7.43617e-18   4.13121e-18
-6.18831e-18   -9.72449e-18   7.987e-18   4.43722e-18
-6.63034e-18   -1.04191e-17   8.5575e-18   4.75416e-18
-7.0876e-18   -1.11377e-17   9.14767e-18   5.08204e-18
-7.56011e-18   -1.18802e-17   9.75751e-18   5.42084e-18
-8.04785e-18   -1.26466e-17   1.0387e-17   5.77057e-18
-8.55085e-18   -1.3437e-17   1.10362e-17   6.13123e-18
-9.06908e-18   -1.42514e-17   1.17051e-17   6.50282e-18
-9.60255e-18   -1.50897e-17   1.23936e-17   6.88534e-18
-1.01513e-17   -1.5952e-17   1.31018e-17   7.27879e-18
-1.07152e-17   -1.68382e-17   1.38297e-17   7.68317e-18
-1.12944e-17   -1.77484e-17   1.45773e-17   8.09847e-18
-1.18889e-17   -1.86825e-17   1.53445e-17   8.52471e-18
-1.24986e-17   -1.96406e-17   1.61314e-17   8.96187e-18
-1.31235e-17   -2.06226e-17   1.69379e-17   9.40997e-18
-1.37637e-17   -2.16286e-17   1.77642e-17   9.86899e-18
-1.44191e-17   -2.26585e-17   1.86101e-17   1.03389e-17
-1.50897e-17   -2.37124e-17   1.94757e-17   1.08198e-17
-1.57756e-17   -2.47903e-17   2.03598e-17   1.13116e-17
-1.64768e-17   -2.58921e-17   2.12626e-17   1.18144e-17
-1.71931e-17   -2.70178e-17   2.21839e-17   1.2328e-17
-1.79248e-17   -2.81675e-17   2.31238e-17   1.28526e-17
-1.86716e-17   -2.93411e-17   2.40823e-17   1.33882e-17
-1.94337e-17   -3.05387e-17   2.50594e-17   1.39346e-17
-2.02111e-17   -3.17603e-17   2.6055e-17   1.4492e-17
-2.10037e-17   -3.30058e-17   2.70692e-17   1.50603e-17
-2.18115e-17   -3.42752e-17   2.8102e-17   1.56396e-17
-2.26346e-17   -3.55686e-17   2.91534e-17   1.62297e-17
-2.34729e-17   -3.6886e-17   3.02234e-17   1.68308e-17
-2.43265e-17   -3.82273e-17   3.13119e-17   1.74429e-17
-2.51953e-17   -3.95926e-17   3.2419e-17   1.80658e-17
-2.60793e-17   -4.09818e-17   3.35447e-17   1.86997e-17
-2.69786e-17   -4.23949e-17   3.4689e-17   1.93445e-17
-2.78431e-17   -4.37275e-17   3.57633e-17   1.99664e-17
-2.86727e-17   -4.49796e-17   3.67677e-17   2.05653e-17
-2.94674e-17   -4.61511e-17   3.77022e-17   2.11413e-17
-3.02274e-17   -4.7242e-17   3.85667e-17   2.16943e-17
-3.09546e-17   -4.82523e-17   3.93612e-17   2.22244e-17
-3.16492e-17   -4.91821e-17   4.00858e-17   2.27315e-17
-3.2309e-17   -5.00313e-17   4.07405e-17   2.32156e-17
-3.29361e-17   -5.07999e-17   4.13252e-17   2.36757e-17
-3.35306e-17   -5.1488e-17   4.18399e-17   2.41118e-17
-3.40923e-17   -5.20955e-17   4.22847e-17   2.45238e-17
-3.46215e-17   -5.26224e-17   4.26596e-17   2.49118e-17
-3.51179e-17   -5.30688e-17   4.29645e-17   2.52758e-17
-3.55817e-17   -5.34346e-17   4.31995e-17   2.56157e-17
-3.60128e-17   -5.37199e-17   4.33645e-17   2.59315e-17
-3.64113e-17   -5.39245e-17   4.34596e-17   2.62233e-17
-3.6825e-17   -5.41532e-17   4.35733e-17   2.6525e-17
-3.7254e-17   -5.44058e-17   4.37055e-17   2.68364e-17
-3.76503e-17   -5.45778e-17   4.37678e-17   2.71239e-17
-3.80618e-17   -5.47738e-17   4.38487e-17   2.74211e-17
-3.84407e-17   -5.48892e-17   4.38596e-17   2.76944e-17
-3.88348e-17   -5.50285e-17   4.38891e-17   2.79774e-17
-3.92442e-17   -5.51918e-17   4.39372e-17   2.82703e-17
-3.96209e-17   -5.52746e-17   4.39154e-17   2.85392e-17
-4.00128e-17   -5.53813e-17   4.39121e-17   2.88179e-17
-4.042e-17   -5.55119e-17   4.39274e-17   2.91064e-17
-4.07945e-17   -5.5562e-17   4.38727e-17   2.93709e-17
-4.11843e-17   -5.5636e-17   4.38367e-17   2.96452e-17
-4.15893e-17   -5.5734e-17   4.38192e-17   2.99294e-17
-4.20095e-17   -5.58559e-17   4.38203e-17   3.02234e-17
-4.23971e-17   -5.58973e-17   4.37514e-17   3.04933e-17
-4.28e-17   -5.59626e-17   4.37012e-17   3.07731e-17
-4.3218e-17   -5.60519e-17   4.36695e-17   3.10627e-17
-4.36034e-17   -5.60606e-17   4.35678e-17   3.13283e-17
-4.40041e-17   -5.60933e-17   4.34848e-17   3.16037e-17
-4.442e-17   -5.61499e-17   4.34203e-17   3.1889e-17
-4.48511e-17   -5.62305e-17   4.33744e-17   3.21841e-17
-4.52496e-17   -5.62305e-17   4.32585e-17   3.24551e-17
-4.56633e-17   -5.62544e-17   4.31613e-17   3.2736e-17
-4.60923e-17   -5.63023e-17   4.30826e-17   3.30267e-17
-4.65365e-17   -5.63742e-17   4.30225e-17   3.33272e-17
-4.6948e-17   -5.63655e-17   4.28924e-17   3.36037e-17
-4.73748e-17   -5.63807e-17   4.27809e-17   3.38901e-17
-4.78168e-17   -5.64199e-17   4.2688e-17   3.41863e-17
-4.82262e-17   -5.63785e-17   4.25252e-17   3.44584e-17
-4.86508e-17   -5.63611e-17   4.23809e-17   3.47404e-17
-4.90906e-17   -5.63676e-17   4.22552e-17   3.50322e-17
-4.95457e-17   -5.63981e-17   4.21481e-17   3.53338e-17
-5.0016e-17   -5.64526e-17   4.20596e-17   3.56453e-17
-5.04537e-17   -5.64264e-17   4.19011e-17   3.59327e-17
-5.09066e-17   -5.64243e-17   4.17612e-17   3.623e-17
-5.13748e-17   -5.6446e-17   4.16399e-17   3.65371e-17
-5.18581e-17   -5.64918e-17   4.15372e-17   3.68541e-17
-5.2261e-17   -5.6409e-17   4.13252e-17   3.71098e-17
-5.2679e-17   -5.63502e-17   4.11317e-17   3.73754e-17
-5.30645e-17   -5.62697e-17   4.09175e-17   3.76158e-17
-5.34172e-17   -5.61673e-17   4.06825e-17   3.78311e-17
-5.37373e-17   -5.60432e-17   4.04268e-17   3.80213e-17
-5.40247e-17   -5.58973e-17   4.01503e-17   3.81863e-17
-5.42795e-17   -5.57297e-17   3.9853e-17   3.83262e-17
-5.45016e-17   -5.55402e-17   3.9535e-17   3.8441e-17
-5.4691e-17   -5.5329e-17   3.91962e-17   3.85306e-17
-5.48957e-17   -5.51417e-17   3.8876e-17   3.863e-17
-5.50677e-17   -5.49327e-17   3.8535e-17   3.87044e-17
-5.52071e-17   -5.47019e-17   3.81732e-17   3.87535e-17
-5.53617e-17   -5.4495e-17   3.783e-17   3.88126e-17
-5.54836e-17   -5.42664e-17   3.74661e-17   3.88464e-17
-5.56208e-17   -5.40617e-17   3.71207e-17   3.88902e-17
-5.57253e-17   -5.38353e-17   3.67546e-17   3.89087e-17
-5.57972e-17   -5.3587e-17   3.63677e-17   3.89022e-17
-5.58843e-17   -5.33628e-17   3.59994e-17   3.89055e-17
-5.59866e-17   -5.31624e-17   3.56497e-17   3.89186e-17
-5.60563e-17   -5.29403e-17   3.52792e-17   3.89066e-17
-5.61412e-17   -5.27422e-17   3.49273e-17   3.89044e-17
-5.61935e-17   -5.25223e-17   3.45546e-17   3.8877e-17
-5.6261e-17   -5.23263e-17   3.42005e-17   3.88596e-17
-5.62958e-17   -5.21086e-17   3.38256e-17   3.88169e-17
-5.63459e-17   -5.19148e-17   3.34693e-17   3.87841e-17
-5.63633e-17   -5.16992e-17   3.30923e-17   3.87262e-17
-5.6396e-17   -5.15076e-17   3.27338e-17   3.86781e-17
-5.64439e-17   -5.13399e-17   3.23939e-17   3.86399e-17
-5.64591e-17   -5.11505e-17   3.20332e-17   3.85765e-17
-5.64896e-17   -5.0985e-17   3.16922e-17   3.85229e-17
-5.65353e-17   -5.08435e-17   3.13709e-17   3.84792e-17
-5.65484e-17   -5.06801e-17   3.10299e-17   3.84104e-17
-5.65767e-17   -5.05408e-17   3.07086e-17   3.83514e-17
-5.65723e-17   -5.03797e-17   3.03676e-17   3.82672e-17
-5.65832e-17   -5.02425e-17   3.00463e-17   3.81929e-17
-5.66093e-17   -5.01293e-17   2.97447e-17   3.81284e-17
-5.66028e-17   -4.99943e-17   2.94234e-17   3.80388e-17
-5.66115e-17   -4.98832e-17   2.91217e-17   3.7959e-17
-5.66355e-17   -4.97961e-17   2.88397e-17   3.78891e-17
-5.66268e-17   -4.96872e-17   2.85381e-17   3.7794e-17
-5.66333e-17   -4.96023e-17   2.82561e-17   3.77087e-17
-5.66551e-17   -4.95413e-17   2.79938e-17   3.76333e-17
-5.66442e-17   -4.94586e-17   2.77119e-17   3.75328e-17
-5.66485e-17   -4.93998e-17   2.74496e-17   3.74421e-17
-5.66681e-17   -4.9365e-17   2.72069e-17   3.73612e-17
-5.66551e-17   -4.93084e-17   2.69446e-17   3.72552e-17
-5.66572e-17   -4.92757e-17   2.6702e-17   3.7159e-17
-5.66747e-17   -4.9267e-17   2.64791e-17   3.70727e-17
-5.66594e-17   -4.92365e-17   2.62364e-17   3.69612e-17
-5.66594e-17   -4.923e-17   2.60135e-17   3.68595e-17
-5.66747e-17   -4.92474e-17   2.58102e-17   3.67677e-17
-5.67052e-17   -4.92888e-17   2.56266e-17   3.66858e-17
-5.6703e-17   -4.93084e-17   2.54233e-17   3.65787e-17
-5.6716e-17   -4.93519e-17   2.52397e-17   3.64814e-17
-5.66964e-17   -4.93737e-17   2.50364e-17   3.6359e-17
-5.66921e-17   -4.94194e-17   2.48528e-17   3.62464e-17
-5.6703e-17   -4.94891e-17   2.46889e-17   3.61437e-17
-5.67291e-17   -4.95827e-17   2.45446e-17   3.60508e-17
-5.67226e-17   -4.96546e-17   2.43807e-17   3.59327e-17
-5.67313e-17   -4.97504e-17   2.42364e-17   3.58245e-17
-5.67552e-17   -4.98701e-17   2.41118e-17   3.57262e-17
-5.67465e-17   -4.99681e-17   2.39675e-17   3.56027e-17
-5.67531e-17   -5.00901e-17   2.3843e-17   3.5489e-17
-5.67748e-17   -5.02359e-17   2.3738e-17   3.53852e-17
-5.67639e-17   -5.03601e-17   2.36134e-17   3.52562e-17
-5.67683e-17   -5.05081e-17   2.35085e-17   3.51371e-17
-5.67879e-17   -5.06801e-17   2.34233e-17   3.50278e-17
-5.67748e-17   -5.08304e-17   2.33184e-17   3.48934e-17
-5.6777e-17   -5.10046e-17   2.32331e-17   3.47688e-17
-5.67944e-17   -5.12027e-17   2.31675e-17   3.4654e-17
-5.67792e-17   -5.13791e-17   2.30823e-17   3.45141e-17
-5.67792e-17   -5.15794e-17   2.30167e-17   3.43841e-17
-5.67944e-17   -5.18037e-17   2.29708e-17   3.42639e-17
-5.6777e-17   -5.20062e-17   2.29052e-17   3.41185e-17
-5.67748e-17   -5.22327e-17   2.28593e-17   3.3983e-17
-5.67879e-17   -5.24831e-17   2.28331e-17   3.38573e-17
-5.67683e-17   -5.27117e-17   2.27872e-17   3.37065e-17
-5.67639e-17   -5.29643e-17   2.2761e-17   3.35655e-17
-5.67748e-17   -5.32408e-17   2.27544e-17   3.34343e-17
-5.67531e-17   -5.34956e-17   2.27282e-17   3.32781e-17
-5.67465e-17   -5.37743e-17   2.27216e-17   3.31316e-17
-5.67552e-17   -5.4077e-17   2.27347e-17   3.2995e-17
-5.66834e-17   -5.42512e-17   2.26397e-17   3.27972e-17
-5.66268e-17   -5.44493e-17   2.25643e-17   3.26092e-17
-5.65854e-17   -5.46714e-17   2.25085e-17   3.24311e-17
-5.65114e-17   -5.48129e-17   2.23839e-17   3.22289e-17
-5.64526e-17   -5.49784e-17   2.2279e-17   3.20365e-17
-5.6409e-17   -5.51679e-17   2.21938e-17   3.1854e-17
-5.63328e-17   -5.52767e-17   2.20397e-17   3.16474e-17
-5.62718e-17   -5.54096e-17   2.19052e-17   3.14507e-17
-5.61782e-17   -5.54618e-17   2.17019e-17   3.12299e-17
-5.60998e-17   -5.5538e-17   2.15183e-17   3.1019e-17
-5.60367e-17   -5.56382e-17   2.13544e-17   3.08179e-17
-5.59888e-17   -5.57623e-17   2.12101e-17   3.06267e-17
-5.59082e-17   -5.58059e-17   2.0997e-17   3.04114e-17
-5.58429e-17   -5.58734e-17   2.08036e-17   3.0207e-17
-5.57928e-17   -5.59648e-17   2.06298e-17   3.00135e-17
-5.57101e-17   -5.59757e-17   2.03872e-17   2.97971e-17
-5.56426e-17   -5.60105e-17   2.01642e-17   2.95917e-17
-5.55903e-17   -5.60693e-17   1.99609e-17   2.93971e-17
-5.55533e-17   -5.61521e-17   1.97773e-17   2.92135e-17
-5.54836e-17   -5.61543e-17   1.95249e-17   2.9007e-17
-5.54292e-17   -5.61804e-17   1.92921e-17   2.88113e-17
-5.539e-17   -5.62305e-17   1.9079e-17   2.86266e-17
-5.5366e-17   -5.63045e-17   1.88855e-17   2.84529e-17
-5.53094e-17   -5.6298e-17   1.86232e-17   2.82561e-17
-5.5268e-17   -5.63154e-17   1.83806e-17   2.80703e-17
-5.52419e-17   -5.63568e-17   1.81576e-17   2.78955e-17
-5.5231e-17   -5.64221e-17   1.79543e-17   2.77315e-17
-5.51875e-17   -5.64068e-17   1.76822e-17   2.75446e-17
-5.51592e-17   -5.64155e-17   1.74298e-17   2.73687e-17
-5.51461e-17   -5.64482e-17   1.7197e-17   2.72037e-17
-5.51483e-17   -5.65048e-17   1.69838e-17   2.70496e-17
-5.51178e-17   -5.64809e-17   1.67019e-17   2.68725e-17
-5.51025e-17   -5.64809e-17   1.64396e-17   2.67064e-17
-5.51025e-17   -5.65048e-17   1.61969e-17   2.65512e-17
-5.51178e-17   -5.65527e-17   1.5974e-17   2.64069e-17
-5.51004e-17   -5.65201e-17   1.56822e-17   2.62397e-17
-5.50982e-17   -5.65114e-17   1.54101e-17   2.60834e-17
-5.51113e-17   -5.65266e-17   1.51576e-17   2.59381e-17
-5.51396e-17   -5.65658e-17   1.49248e-17   2.58036e-17
-5.51352e-17   -5.65244e-17   1.46232e-17   2.56463e-17
-5.51461e-17   -5.6507e-17   1.43412e-17   2.54998e-17
-5.51722e-17   -5.65135e-17   1.40789e-17   2.53643e-17
-5.52136e-17   -5.6544e-17   1.38363e-17   2.52397e-17
-5.52223e-17   -5.64939e-17   1.35248e-17   2.50922e-17
-5.52463e-17   -5.64678e-17   1.3233e-17   2.49555e-17
-5.52855e-17   -5.64656e-17   1.29608e-17   2.48299e-17
-5.53399e-17   -5.64874e-17   1.27084e-17   2.47151e-17
-5.54096e-17   -5.65331e-17   1.24756e-17   2.46113e-17
-5.54466e-17   -5.64983e-17   1.21739e-17   2.44845e-17
-5.54988e-17   -5.64874e-17   1.1892e-17   2.43686e-17
-5.55663e-17   -5.65005e-17   1.16297e-17   2.42637e-17
-5.56491e-17   -5.65375e-17   1.1387e-17   2.41697e-17
-5.56992e-17   -5.64939e-17   1.10756e-17   2.40528e-17
-5.57645e-17   -5.64743e-17   1.07838e-17   2.39468e-17
-5.58451e-17   -5.64787e-17   1.05116e-17   2.38517e-17
-5.59409e-17   -5.6507e-17   1.02592e-17   2.37675e-17
-5.6004e-17   -5.65135e-17   9.98703e-18   2.36593e-17
-5.60824e-17   -5.6544e-17   9.73456e-18   2.35621e-17
-5.60802e-17   -5.6446e-17   9.3739e-18   2.34047e-17
-5.60933e-17   -5.6372e-17   9.03291e-18   2.32582e-17
-5.61216e-17   -5.63219e-17   8.7116e-18   2.31227e-17
-5.61651e-17   -5.62958e-17   8.40995e-18   2.29981e-17
-5.62239e-17   -5.62936e-17   8.12798e-18   2.28845e-17
-5.62501e-17   -5.62697e-17   7.82634e-18   2.27468e-17
-5.62914e-17   -5.62697e-17   7.54437e-18   2.262e-17
-5.6348e-17   -5.62936e-17   7.28207e-18   2.25041e-17
-5.6372e-17   -5.62958e-17   7.0001e-18   2.23642e-17
-5.64112e-17   -5.63219e-17   6.7378e-18   2.22353e-17
-5.64656e-17   -5.6372e-17   6.49517e-18   2.21172e-17
-5.64395e-17   -5.62936e-17   6.14435e-18   2.19391e-17
-5.64286e-17   -5.62392e-17   5.8132e-18   2.17719e-17
-5.6433e-17   -5.62087e-17   5.50172e-18   2.16156e-17
-5.64526e-17   -5.62022e-17   5.20991e-18   2.14702e-17
-5.64874e-17   -5.62196e-17   4.93777e-18   2.13358e-17
-5.64896e-17   -5.62152e-17   4.64597e-18   2.11773e-17
-5.6507e-17   -5.62348e-17   4.37383e-18   2.10298e-17
-5.65397e-17   -5.62784e-17   4.12137e-18   2.08932e-17
-5.65397e-17   -5.63001e-17   3.84923e-18   2.07325e-17
-5.65549e-17   -5.63459e-17   3.59677e-18   2.05828e-17
-5.65375e-17   -5.6311e-17   3.27546e-18   2.04101e-17
-5.65353e-17   -5.63001e-17   2.97381e-18   2.02484e-17
-5.65484e-17   -5.63132e-17   2.69184e-18   2.00975e-17
-5.65767e-17   -5.63502e-17   2.42954e-18   1.99577e-17
-5.65723e-17   -5.63655e-17   2.14757e-18   1.97937e-17
-5.65832e-17   -5.64047e-17   1.88527e-18   1.96407e-17
-5.66093e-17   -5.64678e-17   1.64265e-18   1.94986e-17
-5.65549e-17   -5.64025e-17   1.29182e-18   1.92964e-17
-5.65157e-17   -5.63611e-17   9.60669e-19   1.91052e-17
-5.64918e-17   -5.63437e-17   6.49189e-19   1.89249e-17
-5.64831e-17   -5.63502e-17   3.57382e-19   1.87555e-17
-5.64896e-17   -5.63807e-17   8.52471e-20   1.8597e-17
-5.65114e-17   -5.64351e-17   -1.67215e-19   1.84494e-17
-5.65005e-17   -5.6409e-17   -4.88531e-19   1.82789e-17
-5.65048e-17   -5.64068e-17   -7.90175e-19   1.81194e-17
-5.65244e-17   -5.64286e-17   -1.07215e-18   1.79707e-17
-5.65593e-17   -5.64743e-17   -1.33444e-18   1.7833e-17
-5.65135e-17   -5.63916e-17   -1.70494e-18   1.76352e-17
-5.64831e-17   -5.63328e-17   -2.05577e-18   1.74483e-17
-5.64678e-17   -5.6298e-17   -2.38692e-18   1.72724e-17
-5.64678e-17   -5.62871e-17   -2.6984e-18   1.71073e-17
-5.64831e-17   -5.63001e-17   -2.99021e-18   1.69532e-17
-5.65135e-17   -5.63372e-17   -3.26234e-18   1.68101e-17
-5.65114e-17   -5.63524e-17   -3.55415e-18   1.66429e-17
-5.65244e-17   -5.63916e-17   -3.82628e-18   1.64866e-17
-5.65527e-17   -5.64547e-17   -4.07875e-18   1.63412e-17
-5.65005e-17   -5.63894e-17   -4.43941e-18   1.61357e-17
-5.64635e-17   -5.6348e-17   -4.78039e-18   1.59412e-17
-5.64417e-17   -5.63306e-17   -5.10171e-18   1.57576e-17
-5.64351e-17   -5.63372e-17   -5.40335e-18   1.55849e-17
-5.64439e-17   -5.63676e-17   -5.68533e-18   1.54232e-17
-5.64678e-17   -5.64221e-17   -5.94762e-18   1.52723e-17
-5.64591e-17   -5.6396e-17   -6.27878e-18   1.50986e-17
-5.64656e-17   -5.63938e-17   -6.59026e-18   1.49357e-17
-5.64874e-17   -5.64155e-17   -6.88206e-18   1.47838e-17
-5.65244e-17   -5.64613e-17   -7.1542e-18   1.46428e-17
-5.64809e-17   -5.63785e-17   -7.53453e-18   1.44417e-17
-5.64526e-17   -5.63197e-17   -7.89519e-18   1.42516e-17
-5.64395e-17   -5.62849e-17   -8.23618e-18   1.40723e-17
-5.64417e-17   -5.6274e-17   -8.5575e-18   1.3904e-17
-5.64591e-17   -5.62871e-17   -8.85914e-18   1.37466e-17
-5.64918e-17   -5.63241e-17   -9.14111e-18   1.36002e-17
-5.64918e-17   -5.63393e-17   -9.44276e-18   1.34297e-17
-5.6507e-17   -5.63785e-17   -9.72473e-18   1.32701e-17
-5.65375e-17   -5.64417e-17   -9.98703e-18   1.31215e-17
-5.64874e-17   -5.63764e-17   -1.03575e-17   1.29127e-17
-5.64526e-17   -5.6335e-17   -1.07083e-17   1.27149e-17
-5.6433e-17   -5.63176e-17   -1.10395e-17   1.2528e-17
-5.64286e-17   -5.63241e-17   -1.1351e-17   1.23521e-17
-5.64395e-17   -5.63546e-17   -1.16428e-17   1.21871e-17
-5.64656e-17   -5.6409e-17   -1.19149e-17   1.2033e-17
-5.64591e-17   -5.63829e-17   -1.22559e-17   1.18559e-17
-5.64678e-17   -5.63807e-17   -1.25772e-17   1.16898e-17
-5.64918e-17   -5.64025e-17   -1.28789e-17   1.15346e-17
-5.6531e-17   -5.64482e-17   -1.31608e-17   1.13903e-17
-5.64896e-17   -5.63655e-17   -1.3551e-17   1.11859e-17
-5.64635e-17   -5.63067e-17   -1.39215e-17   1.09925e-17
-5.64526e-17   -5.62718e-17   -1.42723e-17   1.081e-17
-5.64569e-17   -5.6261e-17   -1.46035e-17   1.06384e-17
-5.64765e-17   -5.6274e-17   -1.4915e-17   1.04777e-17
-5.65114e-17   -5.6311e-17   -1.52068e-17   1.0328e-17
-5.65135e-17   -5.63263e-17   -1.55183e-17   1.01542e-17
-5.6531e-17   -5.63655e-17   -1.58101e-17   9.9914e-18
-5.65636e-17   -5.64286e-17   -1.60822e-17   9.83948e-18
-5.65157e-17   -5.63633e-17   -1.64625e-17   9.62746e-18
-5.64831e-17   -5.63219e-17   -1.68232e-17   9.42636e-18
-5.64656e-17   -5.63045e-17   -1.71642e-17   9.23619e-18
-5.64635e-17   -5.6311e-17   -1.74855e-17   9.05696e-18
-5.64765e-17   -5.63415e-17   -1.77871e-17   8.88865e-18
-5.65048e-17   -5.6396e-17   -1.80691e-17   8.73127e-18
-5.65005e-17   -5.63698e-17   -1.84199e-17   8.55094e-18
-5.65114e-17   -5.63676e-17   -1.87511e-17   8.38154e-18
-5.65375e-17   -5.63894e-17   -1.90626e-17   8.22307e-18
-5.65789e-17   -5.64351e-17   -1.93544e-17   8.07552e-18
-5.65397e-17   -5.63524e-17   -1.97544e-17   7.86787e-18
-5.65157e-17   -5.62936e-17   -2.01347e-17   7.67115e-18
-5.6507e-17   -5.62588e-17   -2.04954e-17   7.48535e-18
-5.65135e-17   -5.62479e-17   -2.08364e-17   7.31048e-18
-5.65353e-17   -5.6261e-17   -2.11577e-17   7.14655e-18
-5.65723e-17   -5.6298e-17   -2.14593e-17   6.99354e-18
-5.65767e-17   -5.63132e-17   -2.17806e-17   6.81649e-18
-5.65963e-17   -5.63524e-17   -2.20823e-17   6.65037e-18
-5.66311e-17   -5.64155e-17   -2.23642e-17   6.49517e-18
-5.65854e-17   -5.63502e-17   -2.27544e-17   6.27987e-18
-5.65549e-17   -5.63089e-17   -2.31249e-17   6.07549e-18
-5.65397e-17   -5.62914e-17   -2.34757e-17   5.88205e-18
-5.65397e-17   -5.6298e-17   -2.38069e-17   5.69953e-18
-5.65549e-17   -5.63285e-17   -2.41184e-17   5.52795e-18
-5.65854e-17   -5.63829e-17   -2.44102e-17   5.36729e-18
-5.65353e-17   -5.63089e-17   -2.48102e-17   5.14652e-18
-5.65244e-17   -5.63197e-17   -2.51304e-17   4.96182e-18
-5.65527e-17   -5.64155e-17   -2.53708e-17   4.81318e-18
-5.65005e-17   -5.63829e-17   -2.57195e-17   4.60444e-18
-5.64874e-17   -5.64351e-17   -2.59883e-17   4.43176e-18
-5.64656e-17   -5.64656e-17   -2.62659e-17   4.25908e-18
-5.64831e-17   -5.6581e-17   -2.64638e-17   4.12246e-18
-5.64918e-17   -5.66747e-17   -2.66703e-17   3.98585e-18
-5.64918e-17   -5.67465e-17   -2.68856e-17   3.84923e-18
-5.64831e-17   -5.67966e-17   -2.71097e-17   3.71262e-18
-5.64656e-17   -5.68249e-17   -2.73425e-17   3.57601e-18
-5.64395e-17   -5.68314e-17   -2.7584e-17   3.43939e-18
-5.64047e-17   -5.68162e-17   -2.78343e-17   3.30278e-18
-5.6409e-17   -5.68859e-17   -2.80048e-17   3.20223e-18
-5.64047e-17   -5.69338e-17   -2.8184e-17   3.10168e-18
-5.63916e-17   -5.69599e-17   -2.8372e-17   3.00113e-18
-5.63698e-17   -5.69643e-17   -2.85687e-17   2.90059e-18
-5.63393e-17   -5.69468e-17   -2.87742e-17   2.80004e-18
-5.6348e-17   -5.70143e-17   -2.88999e-17   2.73556e-18
-5.6348e-17   -5.70601e-17   -2.90343e-17   2.67108e-18
-5.63393e-17   -5.7084e-17   -2.91775e-17   2.60659e-18
-5.63219e-17   -5.70862e-17   -2.93294e-17   2.54211e-18
-5.62958e-17   -5.70666e-17   -2.949e-17   2.47763e-18
-5.6261e-17   -5.70252e-17   -2.96594e-17   2.41315e-18
-5.62653e-17   -5.70688e-17   -2.97491e-17   2.38473e-18
-5.6261e-17   -5.70906e-17   -2.98474e-17   2.35632e-18
-5.62479e-17   -5.70906e-17   -2.99545e-17   2.3279e-18
-5.62261e-17   -5.70688e-17   -3.00704e-17   2.29949e-18
-5.62435e-17   -5.71319e-17   -3.01064e-17   2.30714e-18
-5.62522e-17   -5.71733e-17   -3.01512e-17   2.31479e-18
-5.62522e-17   -5.71929e-17   -3.02048e-17   2.32244e-18
-5.62435e-17   -5.71907e-17   -3.02671e-17   2.33009e-18
-5.62261e-17   -5.71668e-17   -3.03381e-17   2.33774e-18
-5.62e-17   -5.7121e-17   -3.04179e-17   2.34539e-18
-5.6213e-17   -5.71602e-17   -3.04179e-17   2.3891e-18
-5.62174e-17   -5.71777e-17   -3.04267e-17   2.43282e-18
-5.6213e-17   -5.71733e-17   -3.04441e-17   2.47654e-18
-5.62e-17   -5.71472e-17   -3.04704e-17   2.52025e-18
-5.61782e-17   -5.70993e-17   -3.05053e-17   2.56397e-18
-5.61956e-17   -5.71363e-17   -3.04605e-17   2.64375e-18
-5.62043e-17   -5.71515e-17   -3.04245e-17   2.72354e-18
-5.62043e-17   -5.7145e-17   -3.03971e-17   2.80332e-18
-5.61956e-17   -5.71167e-17   -3.03786e-17   2.8831e-18
-5.62261e-17   -5.71733e-17   -3.02802e-17   2.99895e-18
-5.62479e-17   -5.72081e-17   -3.01906e-17   3.1148e-18
-5.6261e-17   -5.72212e-17   -3.01097e-17   3.23065e-18
-5.62653e-17   -5.72125e-17   -3.00376e-17   3.34649e-18
-5.6261e-17   -5.7182e-17   -2.99742e-17   3.46234e-18
-5.62479e-17   -5.71298e-17   -2.99195e-17   3.57819e-18
-5.6274e-17   -5.71624e-17   -2.97851e-17   3.73011e-18
-5.62675e-17   -5.71145e-17   -2.97195e-17   3.85907e-18
-5.63001e-17   -5.71515e-17   -2.95742e-17   4.0241e-18
-5.63001e-17   -5.7108e-17   -2.94977e-17   4.16618e-18
-5.63393e-17   -5.71494e-17   -2.93414e-17   4.34432e-18
-5.63459e-17   -5.71102e-17   -2.9254e-17   4.49952e-18
-5.63676e-17   -5.70949e-17   -2.91469e-17   4.66564e-18
-5.63568e-17   -5.69991e-17   -2.91086e-17   4.80881e-18
-5.63851e-17   -5.69882e-17   -2.89906e-17   4.98805e-18
-5.63807e-17   -5.68968e-17   -2.89414e-17   5.14433e-18
-5.63916e-17   -5.68293e-17   -2.88725e-17   5.31155e-18
-5.64177e-17   -5.67857e-17   -2.8784e-17   5.48969e-18
-5.64591e-17   -5.67661e-17   -2.86758e-17   5.67877e-18
-5.64678e-17   -5.67247e-17   -2.85873e-17   5.8438e-18
-5.64918e-17   -5.67073e-17   -2.84791e-17   6.01976e-18
-5.6531e-17   -5.67139e-17   -2.83512e-17   6.20664e-18
-5.65375e-17   -5.66986e-17   -2.8243e-17   6.36949e-18
-5.65593e-17   -5.67073e-17   -2.81151e-17   6.54326e-18
-5.65963e-17   -5.674e-17   -2.79676e-17   6.72796e-18
-5.65527e-17   -5.66442e-17   -2.79283e-17   6.85255e-18
-5.65244e-17   -5.65723e-17   -2.78692e-17   6.98808e-18
-5.65114e-17   -5.65244e-17   -2.77906e-17   7.13453e-18
-5.65135e-17   -5.65005e-17   -2.76922e-17   7.29191e-18
-5.6531e-17   -5.65005e-17   -2.75742e-17   7.46021e-18
-5.65636e-17   -5.65244e-17   -2.74364e-17   7.63945e-18
-5.65636e-17   -5.65266e-17   -2.73184e-17   7.79464e-18
-5.65789e-17   -5.65527e-17   -2.71807e-17   7.96077e-18
-5.66093e-17   -5.66028e-17   -2.70233e-17   8.13782e-18
-5.65593e-17   -5.65244e-17   -2.69741e-17   8.25476e-18
-5.65244e-17   -5.647e-17   -2.69053e-17   8.38263e-18
-5.65048e-17   -5.64395e-17   -2.68168e-17   8.52143e-18
-5.65005e-17   -5.6433e-17   -2.67086e-17   8.67116e-18
-5.65114e-17   -5.64504e-17   -2.65807e-17   8.83182e-18
-5.65375e-17   -5.64918e-17   -2.64332e-17   9.0034e-18
-5.6531e-17   -5.64526e-17   -2.63545e-17   9.15204e-18
-5.65397e-17   -5.64373e-17   -2.62561e-17   9.31161e-18
-5.65636e-17   -5.6446e-17   -2.61381e-17   9.4821e-18
-5.66028e-17   -5.64787e-17   -2.60004e-17   9.66352e-18
-5.66093e-17   -5.64896e-17   -2.58823e-17   9.8209e-18
-5.66311e-17   -5.65244e-17   -2.57446e-17   9.98921e-18
-5.65723e-17   -5.64308e-17   -2.57151e-17   1.00974e-17
-5.65288e-17   -5.63611e-17   -2.56659e-17   1.02165e-17
-5.65005e-17   -5.63154e-17   -2.55971e-17   1.03466e-17
-5.64874e-17   -5.62936e-17   -2.55086e-17   1.04876e-17
-5.64896e-17   -5.62958e-17   -2.54004e-17   1.06395e-17
-5.6507e-17   -5.63219e-17   -2.52725e-17   1.08023e-17
-5.65397e-17   -5.6372e-17   -2.51249e-17   1.09761e-17
-5.64918e-17   -5.62936e-17   -2.50856e-17   1.10898e-17
-5.64591e-17   -5.62392e-17   -2.50266e-17   1.12144e-17
-5.64417e-17   -5.62087e-17   -2.49479e-17   1.13499e-17
-5.64395e-17   -5.62022e-17   -2.48495e-17   1.14963e-17
-5.64526e-17   -5.62196e-17   -2.47315e-17   1.16537e-17
-5.64809e-17   -5.6261e-17   -2.45938e-17   1.1822e-17
-5.65244e-17   -5.63263e-17   -2.44364e-17   1.20013e-17
-5.64874e-17   -5.62631e-17   -2.43872e-17   1.21204e-17
-5.64656e-17   -5.62239e-17   -2.43184e-17   1.22504e-17
-5.64591e-17   -5.62087e-17   -2.42298e-17   1.23914e-17
-5.64678e-17   -5.62174e-17   -2.41216e-17   1.25433e-17
-5.64918e-17   -5.62501e-17   -2.39938e-17   1.27062e-17
-5.6531e-17   -5.63067e-17   -2.38462e-17   1.288e-17
-5.64896e-17   -5.62348e-17   -2.38069e-17   1.29936e-17
-5.64635e-17   -5.61869e-17   -2.37479e-17   1.31182e-17
-5.64526e-17   -5.6163e-17   -2.36692e-17   1.32537e-17
-5.64569e-17   -5.6163e-17   -2.35708e-17   1.34002e-17
-5.64765e-17   -5.61869e-17   -2.34528e-17   1.35576e-17
-5.65114e-17   -5.62348e-17   -2.33151e-17   1.37259e-17
-5.65135e-17   -5.6261e-17   -2.3197e-17   1.38701e-17
-5.6531e-17   -5.6311e-17   -2.30593e-17   1.40253e-17
-5.65157e-17   -5.62805e-17   -2.29905e-17   1.41576e-17
0.0047094   0.0047094   3.58887e-07   3.59265e-07
0.00939961   0.00939879   2.40315e-05   2.32151e-05
0.0140681   0.0140652   7.34088e-05   7.04913e-05
0.0187125   0.0187056   0.000150971   0.000144113
0.0233303   0.0233171   0.000259098   0.000245947
0.0279191   0.0278967   0.000400134   0.000377822
0.0324765   0.0324416   0.000576377   0.000541528
0.0370004   0.036949   0.000790075   0.000738812
0.0414883   0.0414161   0.00104342   0.000971372
0.0459381   0.0458403   0.00133855   0.00124085
0.0503478   0.0502189   0.00167753   0.00154884
0.0547152   0.0545494   0.00206235   0.00189687
0.0590383   0.0588294   0.00249493   0.00228642
0.0633152   0.0630565   0.00297712   0.00271887
0.067544   0.0672285   0.00351067   0.00319559
0.0717229   0.0713431   0.00409717   0.00371802
0.07585   0.0753983   0.00473825   0.0042874
0.0799238   0.0793921   0.00543539   0.00490484
0.0839427   0.0833224   0.00619008   0.0055714
0.0879053   0.0871871   0.00700407   0.00628812
0.09181   0.090984   0.00787909   0.00705592
0.0956556   0.0947113   0.00881648   0.00787565
0.099441   0.0983684   0.00981644   0.008748
0.103165   0.101954   0.0108799   0.00967366
0.106827   0.105466   0.0120077   0.0106532
0.110425   0.108905   0.0132005   0.0116873
0.113959   0.112268   0.0144591   0.0127763
0.117427   0.115555   0.015784   0.0139207
0.12083   0.118765   0.0171757   0.0151208
0.124166   0.121897   0.0186347   0.0163771
0.127435   0.12495   0.0201612   0.0176896
0.130853   0.128368   0.0263599   0.0238894
0.13421   0.131699   0.032644   0.0301468
0.137511   0.134965   0.0389883   0.0364566
0.140757   0.138177   0.0453822   0.0428159
0.143951   0.141335   0.0518252   0.0492232
0.147091   0.144439   0.0583156   0.0556771
0.15018   0.147491   0.0648513   0.062176
0.15018   0.147353   0.0739493   0.0711361
0.150153   0.147194   0.0830632   0.0801183
0.150084   0.146997   0.0922062   0.0891325
0.14998   0.146769   0.10137   0.0981717
0.14985   0.146521   0.110545   0.107229
0.149702   0.146262   0.119722   0.116295
0.149542   0.146002   0.128891   0.125364
0.14938   0.145751   0.138043   0.134427
0.149224   0.145519   0.147168   0.143477
0.149081   0.145317   0.156257   0.152506
0.157912   0.154669   0.155737   0.152506
0.157912   0.154669   0.155737   0.152506
0.15791   0.154667   0.155737   0.152506
0.157905   0.154662   0.155737   0.152506
0.157897   0.154655   0.155736   0.152506
0.157887   0.154645   0.155736   0.152506
0.157875   0.154633   0.155736   0.152506
0.15786   0.154618   0.155736   0.152506
0.157842   0.154601   0.155735   0.152506
0.157822   0.154581   0.155735   0.152506
0.1578   0.154559   0.155735   0.152506
0.157775   0.154534   0.155735   0.152506
0.157747   0.154507   0.155735   0.152506
0.157718   0.154477   0.155734   0.152506
0.157685   0.154445   0.155734   0.152506
0.157651   0.154411   0.155734   0.152506
0.157614   0.154374   0.155734   0.152506
0.157574   0.154334   0.155734   0.152506
0.157532   0.154293   0.155733   0.152506
0.157488   0.154248   0.155733   0.152506
0.157441   0.154202   0.155733   0.152506
0.157392   0.154153   0.155733   0.152506
0.15734   0.154102   0.155733   0.152506
0.157286   0.154048   0.155733   0.152506
0.15723   0.153992   0.155732   0.152506
0.157172   0.153934   0.155732   0.152506
0.157111   0.153873   0.155732   0.152506
0.157048   0.15381   0.155732   0.152506
0.156982   0.153745   0.155732   0.152506
0.156915   0.153677   0.155732   0.152506
0.156845   0.153607   0.155732   0.152506
0.156772   0.153535   0.155731   0.152506
0.156698   0.153461   0.155731   0.152506
0.156621   0.153384   0.155731   0.152506
0.156542   0.153305   0.155731   0.152506
0.156461   0.153224   0.155731   0.152506
0.156378   0.153141   0.155731   0.152506
0.156292   0.153056   0.155731   0.152506
0.156205   0.152968   0.155731   0.152506
0.156115   0.152879   0.155731   0.152506
0.156023   0.152787   0.155731   0.152506
0.155929   0.152693   0.15573   0.152506
0.155834   0.152597   0.15573   0.152506
0.155736   0.152499   0.15573   0.152506
0.155635   0.152399   0.15573   0.152506
0.155533   0.152297   0.15573   0.152506
0.155429   0.152193   0.15573   0.152506
0.155323   0.152087   0.15573   0.152506
0.155215   0.151979   0.15573   0.152506
0.155105   0.151869   0.15573   0.152506
0.154993   0.151757   0.15573   0.152506
0.154879   0.151643   0.15573   0.152506
0.154763   0.151528   0.15573   0.152506
0.154646   0.15141   0.15573   0.152506
0.154526   0.151291   0.15573   0.152506
0.154405   0.151169   0.15573   0.152506
0.154282   0.151046   0.15573   0.152506
0.154157   0.150921   0.15573   0.152506
0.15403   0.150794   0.15573   0.152506
0.153901   0.150666   0.15573   0.152506
0.153771   0.150536   0.15573   0.152506
0.153639   0.150404   0.15573   0.152506
0.153506   0.15027   0.15573   0.152506
0.15337   0.150135   0.15573   0.152506
0.153234   0.149998   0.15573   0.152506
0.153095   0.14986   0.15573   0.152506
0.152955   0.14972   0.15573   0.152506
0.152814   0.149579   0.15573   0.152506
0.152671   0.149436   0.15573   0.152506
0.152527   0.149292   0.15573   0.152506
0.152381   0.149146   0.15573   0.152506
0.152234   0.148999   0.15573   0.152506
0.152086   0.14885   0.15573   0.152506
0.151936   0.148701   0.15573   0.152506
0.151785   0.148549   0.15573   0.152506
0.151633   0.148397   0.15573   0.152506
0.151479   0.148243   0.15573   0.152506
0.151324   0.148088   0.15573   0.152506
0.151167   0.147932   0.15573   0.152506
0.15101   0.147775   0.15573   0.152506
0.150851   0.147616   0.15573   0.152506
0.150691   0.147456   0.15573   0.152506
0.15053   0.147295   0.15573   0.152506
0.150368   0.147133   0.15573   0.152506
0.150205   0.14697   0.15573   0.152506
0.150041   0.146805   0.15573   0.152506
0.149875   0.14664   0.15573   0.152506
0.149709   0.146474   0.15573   0.152506
0.149541   0.146306   0.15573   0.152506
0.149373   0.146138   0.15573   0.152506
0.149204   0.145968   0.15573   0.152506
0.149033   0.145798   0.15573   0.152506
0.148862   0.145627   0.15573   0.152506
0.14869   0.145455   0.15573   0.152506
0.148517   0.145282   0.15573   0.152506
0.148343   0.145108   0.15573   0.152506
0.148169   0.144934   0.15573   0.152506
0.147994   0.144758   0.15573   0.152506
0.147817   0.144582   0.15573   0.152506
0.147641   0.144405   0.15573   0.152506
0.147463   0.144228   0.15573   0.152506
0.147285   0.14405   0.15573   0.152506
0.147106   0.143871   0.15573   0.152506
0.146926   0.143691   0.15573   0.152506
0.146746   0.143511   0.15573   0.152506
0.146566   0.143331   0.15573   0.152506
0.146384   0.143149   0.15573   0.152506
0.146203   0.142968   0.15573   0.152506
0.14602   0.142785   0.15573   0.152506
0.145838   0.142603   0.15573   0.152506
0.145655   0.14242   0.15573   0.152506
0.145471   0.142236   0.15573   0.152506
0.145287   0.142052   0.15573   0.152506
0.145103   0.141868   0.15573   0.152506
0.144918   0.141683   0.15573   0.152506
0.144733   0.141498   0.15573   0.152506
0.144548   0.141313   0.15573   0.152506
0.144362   0.141127   0.15573   0.152506
0.144176   0.140941   0.15573   0.152506
0.14399   0.140755   0.15573   0.152506
0.143804   0.140569   0.15573   0.152506
0.143618   0.140383   0.15573   0.152506
0.143431   0.140196   0.15573   0.152506
0.143245   0.14001   0.15573   0.152506
0.143058   0.139823   0.15573   0.152506
0.142871   0.139636   0.15573   0.152506
0.142684   0.13945   0.15573   0.152506
0.142497   0.139263   0.155729   0.152506
0.142311   0.139076   0.155729   0.152506
0.142124   0.13889   0.155729   0.152506
0.141937   0.138703   0.155729   0.152506
0.141751   0.138517   0.155729   0.152506
0.141564   0.138331   0.155729   0.152506
0.141378   0.138144   0.155729   0.152505
0.141193   0.137959   0.155728   0.152505
0.141007   0.137774   0.155728   0.152504
0.140823   0.137589   0.155727   0.152503
0.140639   0.137405   0.155725   0.152502
0.140456   0.137222   0.155723   0.1525
0.140274   0.13704   0.15572   0.152497
0.140093   0.136859   0.155717   0.152493
0.139913   0.136679   0.155712   0.152489
0.139735   0.136501   0.155707   0.152484
0.139558   0.136324   0.155701   0.152478
0.139382   0.136148   0.155694   0.152471
0.139208   0.135974   0.155686   0.152462
0.139035   0.135802   0.155676   0.152453
0.138865   0.135631   0.155665   0.152442
0.138696   0.135462   0.155653   0.15243
0.138529   0.135295   0.15564   0.152417
0.138363   0.135129   0.155625   0.152402
0.1382   0.134966   0.155609   0.152386
0.138039   0.134805   0.155592   0.152368
0.13788   0.134646   0.155572   0.152349
0.137723   0.134489   0.155552   0.152328
0.137568   0.134334   0.155529   0.152306
0.137416   0.134182   0.155505   0.152282
0.137266   0.134032   0.155479   0.152256
0.137118   0.133884   0.155452   0.152228
0.136973   0.133739   0.155422   0.152199
0.13683   0.133596   0.155391   0.152168
0.13669   0.133457   0.155358   0.152134
0.136553   0.133319   0.155323   0.152099
0.136418   0.133185   0.155286   0.152063
0.136286   0.133053   0.155247   0.152024
0.136157   0.132923   0.155207   0.151983
0.136031   0.132797   0.155163   0.15194
0.135908   0.132674   0.155118   0.151895
0.135788   0.132554   0.155071   0.151847
0.135671   0.132437   0.155021   0.151797
0.135557   0.132323   0.154969   0.151745
0.135446   0.132212   0.154915   0.151691
0.135339   0.132105   0.154858   0.151635
0.135234   0.132   0.154799   0.151576
0.135133   0.131899   0.154738   0.151515
0.135035   0.131801   0.154675   0.151451
0.13494   0.131706   0.154609   0.151386
0.134849   0.131615   0.154541   0.151318
0.13476   0.131526   0.154471   0.151248
0.134675   0.131441   0.154399   0.151175
0.134592   0.131358   0.154325   0.151101
0.134513   0.131279   0.154248   0.151024
0.134436   0.131202   0.154171   0.150947
0.13436   0.131126   0.154092   0.150869
0.134286   0.131052   0.154013   0.15079
0.134213   0.130979   0.153933   0.15071
0.134142   0.130908   0.153853   0.15063
0.134072   0.130839   0.153772   0.150549
0.134004   0.130771   0.15369   0.150467
0.133938   0.130705   0.153607   0.150385
0.133872   0.13064   0.153524   0.150302
0.133809   0.130577   0.15344   0.150218
0.133747   0.130515   0.153355   0.150134
0.133686   0.130455   0.15327   0.150049
0.133627   0.130396   0.153184   0.149964
0.133569   0.130339   0.153098   0.149878
0.133513   0.130283   0.153011   0.149792
0.133458   0.130229   0.152924   0.149705
0.133405   0.130176   0.152837   0.149618
0.133347   0.130119   0.152753   0.149535
0.133287   0.130059   0.152674   0.149456
0.133225   0.129997   0.152597   0.149379
0.13316   0.129932   0.152523   0.149305
0.133094   0.129866   0.152451   0.149233
0.133025   0.129797   0.152382   0.149165
0.132957   0.129729   0.152314   0.149096
0.132889   0.129661   0.152246   0.149029
0.132822   0.129594   0.152179   0.148961
0.132755   0.129527   0.152112   0.148895
0.132689   0.129461   0.152046   0.148828
0.132623   0.129395   0.15198   0.148762
0.132558   0.12933   0.151915   0.148697
0.132493   0.129265   0.15185   0.148632
0.132428   0.1292   0.151785   0.148568
0.132364   0.129136   0.151721   0.148504
0.132301   0.129073   0.151658   0.14844
0.132238   0.12901   0.151595   0.148377
0.132175   0.128947   0.151533   0.148315
0.132114   0.128885   0.151471   0.148253
0.132052   0.128824   0.151409   0.148191
0.131991   0.128763   0.151348   0.148131
0.131931   0.128703   0.151288   0.14807
0.131871   0.128643   0.151228   0.14801
0.131811   0.128583   0.151169   0.147951
0.131753   0.128525   0.15111   0.147892
0.131694   0.128466   0.151051   0.147834
0.131637   0.128408   0.150994   0.147776
0.131579   0.128351   0.150936   0.147719
0.131523   0.128294   0.15088   0.147662
0.131466   0.128238   0.150823   0.147606
0.131411   0.128183   0.150768   0.14755
0.131356   0.128128   0.150713   0.147495
0.131301   0.128073   0.150658   0.147441
0.131247   0.128019   0.150604   0.147387
0.131194   0.127966   0.150551   0.147333
0.131141   0.127913   0.150498   0.14728
0.131089   0.127861   0.150446   0.147228
0.131037   0.127809   0.150394   0.147176
0.130986   0.127758   0.150343   0.147125
0.130935   0.127707   0.150292   0.147075
0.130885   0.127657   0.150242   0.147025
0.130836   0.127608   0.150193   0.146975
0.130787   0.127559   0.150144   0.146926
0.130739   0.127511   0.150096   0.146878
0.130691   0.127463   0.150048   0.146831
0.130644   0.127416   0.150001   0.146784
0.130598   0.12737   0.149955   0.146737
0.130552   0.127324   0.149909   0.146691
0.130507   0.127279   0.149864   0.146646
0.130462   0.127234   0.149819   0.146601
0.130418   0.12719   0.149775   0.146557
0.130374   0.127146   0.149732   0.146514
0.130332   0.127104   0.149689   0.146471
0.130289   0.127061   0.149646   0.146429
0.130248   0.12702   0.149605   0.146387
0.130207   0.126979   0.149564   0.146346
0.130166   0.126938   0.149523   0.146306
0.130127   0.126899   0.149484   0.146266
0.130088   0.126859   0.149445   0.146227
0.130049   0.126821   0.149406   0.146188
0.130011   0.126783   0.149368   0.146151
0.129974   0.126746   0.149331   0.146113
0.129937   0.126709   0.149294   0.146077
0.129901   0.126673   0.149258   0.146041
0.129866   0.126638   0.149223   0.146005
0.129831   0.126603   0.149188   0.145971
0.129797   0.126569   0.149154   0.145937
0.129764   0.126536   0.149121   0.145903
0.129731   0.126503   0.149088   0.14587
0.129699   0.126471   0.149056   0.145838
0.129667   0.126439   0.149025   0.145807
0.129637   0.126409   0.148994   0.145776
0.129606   0.126378   0.148963   0.145746
0.129577   0.126349   0.148934   0.145716
0.129548   0.12632   0.148905   0.145687
0.12952   0.126292   0.148877   0.145659
0.129492   0.126264   0.148849   0.145632
0.129465   0.126237   0.148822   0.145605
0.129439   0.126211   0.148796   0.145578
0.129413   0.126185   0.148771   0.145553
0.129389   0.12616   0.148746   0.145528
0.129364   0.126136   0.148721   0.145504
0.129341   0.126113   0.148698   0.14548
0.129318   0.12609   0.148675   0.145457
0.129295   0.126067   0.148652   0.145435
0.129274   0.126046   0.148631   0.145413
0.129253   0.126025   0.14861   0.145392
0.129233   0.126004   0.14859   0.145372
0.129213   0.125985   0.14857   0.145352
0.129194   0.125966   0.148551   0.145333
0.129176   0.125948   0.148533   0.145315
0.129158   0.12593   0.148515   0.145297
0.129141   0.125913   0.148498   0.145281
0.129125   0.125897   0.148482   0.145264
0.129109   0.125881   0.148466   0.145249
0.129094   0.125866   0.148452   0.145234
0.12908   0.125852   0.148437   0.14522
0.129067   0.125839   0.148424   0.145206
0.129054   0.125826   0.148411   0.145193
0.129042   0.125814   0.148399   0.145181
0.12903   0.125802   0.148387   0.145169
0.129019   0.125791   0.148376   0.145159
0.129009   0.125781   0.148366   0.145148
0.129   0.125771   0.148357   0.145139
0.128991   0.125763   0.148348   0.14513
0.128983   0.125754   0.14834   0.145122
0.128975   0.125747   0.148332   0.145114
0.128968   0.12574   0.148325   0.145108
0.128962   0.125734   0.148319   0.145102
0.128957   0.125729   0.148314   0.145096
0.128952   0.125724   0.148309   0.145091
0.128948   0.12572   0.148305   0.145087
0.128944   0.125716   0.148302   0.145084
0.128942   0.125714   0.148299   0.145081
0.12894   0.125712   0.148297   0.145079
0.128938   0.12571   0.148295   0.145078
0.128938   0.125709   0.148295   0.145077
0.128938   0.125709   0.148295   0.145077
0.128938   0.12571   0.148295   0.145078
0.128939   0.125711   0.148297   0.145079
0.128941   0.125713   0.148298   0.145081
0.128944   0.125716   0.148301   0.145083
0.128947   0.125719   0.148304   0.145087
0.128951   0.125723   0.148308   0.145091
0.128956   0.125728   0.148313   0.145095
0.128961   0.125733   0.148318   0.145101
0.128967   0.125739   0.148324   0.145107
0.128974   0.125746   0.148331   0.145113
0.128981   0.125753   0.148338   0.145121
0.128989   0.125761   0.148346   0.145129
0.128998   0.12577   0.148355   0.145137
0.129007   0.125779   0.148364   0.145147
0.129017   0.125789   0.148374   0.145157
0.129028   0.1258   0.148385   0.145167
0.129039   0.125811   0.148396   0.145179
0.129051   0.125823   0.148408   0.145191
0.129064   0.125836   0.148421   0.145203
0.129077   0.125849   0.148434   0.145217
0.129091   0.125863   0.148448   0.145231
0.129106   0.125878   0.148463   0.145245
0.129121   0.125893   0.148478   0.14526
0.129137   0.125909   0.148494   0.145276
0.129154   0.125925   0.148511   0.145293
0.129171   0.125943   0.148528   0.14531
0.129189   0.12596   0.148546   0.145328
0.129207   0.125979   0.148564   0.145346
0.129226   0.125998   0.148583   0.145366
0.129246   0.126018   0.148603   0.145385
0.129266   0.126038   0.148623   0.145406
0.129287   0.126059   0.148644   0.145427
0.129309   0.126081   0.148666   0.145448
0.129331   0.126103   0.148688   0.145471
0.129354   0.126126   0.148711   0.145494
0.129378   0.12615   0.148735   0.145517
0.129402   0.126174   0.148759   0.145541
0.129427   0.126199   0.148784   0.145566
0.129452   0.126224   0.148809   0.145592
0.129478   0.12625   0.148835   0.145618
0.129505   0.126277   0.148862   0.145644
0.129532   0.126304   0.148889   0.145672
0.12956   0.126332   0.148917   0.1457
0.129589   0.126361   0.148946   0.145728
0.129618   0.12639   0.148975   0.145757
0.129648   0.12642   0.149005   0.145787
0.129678   0.12645   0.149035   0.145817
0.129709   0.126481   0.149066   0.145848
0.129741   0.126513   0.149098   0.14588
0.129773   0.126545   0.14913   0.145912
0.129805   0.126577   0.149163   0.145945
0.129839   0.126611   0.149196   0.145978
0.129873   0.126645   0.14923   0.146012
0.129907   0.126679   0.149264   0.146047
0.129942   0.126714   0.149299   0.146082
0.129978   0.12675   0.149335   0.146117
0.130014   0.126786   0.149371   0.146154
0.130051   0.126823   0.149408   0.14619
0.130089   0.12686   0.149446   0.146228
0.130126   0.126898   0.149484   0.146266
0.130165   0.126937   0.149522   0.146304
0.130204   0.126976   0.149561   0.146343
0.130244   0.127016   0.149601   0.146383
0.130284   0.127056   0.149641   0.146423
0.130325   0.127097   0.149682   0.146464
0.130366   0.127138   0.149723   0.146505
0.130408   0.12718   0.149765   0.146547
0.13045   0.127222   0.149807   0.14659
0.130493   0.127265   0.14985   0.146633
0.130537   0.127309   0.149894   0.146676
0.130581   0.127353   0.149938   0.14672
0.130626   0.127397   0.149983   0.146765
0.130671   0.127443   0.150028   0.14681
0.130743   0.127534   0.150028   0.146829
0.130814   0.127625   0.150028   0.146849
0.130885   0.127716   0.150028   0.14687
0.130955   0.127807   0.150028   0.14689
0.131025   0.127897   0.150028   0.14691
